[76, 77, 80, 82, 84, 86, 88]
[10, 13, 15, 16]
[35, 37, 39, 42, 43, 45]
[9, 11, 12, 13, 16, 18, 21]
[14, 17, 18, 19, 21]
[72, 70, 69, 66, 63]
[33, 31, 28, 27, 24]
[80, 77, 75, 74, 72]
[72, 70, 68, 67, 65]
[41, 38, 37, 36, 34, 32]
[60, 57, 55, 52]
[8, 10, 13, 14, 16]
[18, 21, 23, 24, 25, 26, 28]
[1, 3, 6, 7, 8, 10]
[17, 18, 19, 22, 23]
[93, 96, 98, 99]
[85, 86, 88, 89, 91]
[29, 32, 34, 36, 37, 39, 41]
[8, 10, 11, 13, 16, 17, 20]
[28, 25, 22, 19, 16]
[19, 18, 15, 13, 12, 9]
[32, 31, 28, 27, 24, 22, 19]
[57, 56, 53, 51]
[42, 41, 38, 36, 35, 33]
[69, 66, 63, 61, 58, 57]
[22, 21, 19, 16, 14]
[2, 3, 4, 7, 10, 12, 14]
[76, 79, 80, 83, 85, 87, 88, 89]
[92, 90, 89, 87, 84, 82]
[40, 43, 44, 46, 47, 50, 53]
[18, 16, 14, 11, 8, 6]
[63, 66, 69, 70, 73]
[55, 53, 50, 48, 45, 44, 42, 40]
[28, 25, 22, 20, 19, 17, 15]
[79, 78, 75, 73, 72, 69, 68, 66]
[70, 73, 74, 75, 76, 79]
[34, 31, 29, 28, 25]
[40, 43, 45, 47, 50, 53]
[73, 70, 67, 64, 61, 60, 59]
[72, 71, 70, 68, 66, 63, 61, 58]
[53, 51, 49, 46, 44, 42]
[51, 53, 54, 57, 59, 60, 62]
[78, 80, 83, 86, 88, 89, 90, 93]
[74, 75, 77, 80, 83, 86, 89, 92]
[21, 18, 15, 14, 11, 9, 7]
[35, 34, 31, 29, 28, 27, 24, 23]
[61, 63, 66, 67, 69, 70, 71, 72]
[12, 14, 17, 19, 20, 23, 26]
[35, 34, 33, 30, 29]
[4, 6, 7, 10, 13, 15]
[33, 30, 29, 27, 26, 23]
[29, 32, 34, 37, 39]
[83, 84, 85, 88, 89, 91, 92, 94]
[9, 8, 6, 5, 4]
[11, 10, 8, 5, 2]
[34, 32, 31, 30, 28, 26]
[78, 79, 80, 82, 85]
[27, 25, 24, 21, 20, 18]
[62, 63, 64, 66, 69, 71, 72, 75]
[46, 43, 42, 41, 38, 36]
[11, 13, 14, 15, 16, 18]
[30, 28, 27, 26, 24, 22, 19, 18]
[80, 78, 77, 74, 71, 68, 67, 66]
[26, 25, 22, 21, 20, 18]
[77, 76, 74, 73, 70, 67, 65]
[26, 29, 30, 32, 33, 34, 36, 37]
[25, 24, 23, 22, 21, 18, 17]
[14, 12, 10, 8, 6, 3, 1]
[74, 77, 78, 79, 80, 82]
[42, 41, 40, 38, 37, 36, 33]
[50, 47, 45, 44, 43, 41, 40, 38]
[86, 83, 81, 80, 77, 75]
[9, 6, 5, 3, 2]
[50, 47, 45, 43, 42, 40, 38, 35]
[15, 18, 20, 23, 24, 25, 28, 31]
[67, 66, 63, 62, 60, 59, 56]
[49, 47, 46, 43, 42, 39, 38]
[77, 75, 73, 71, 69, 67, 65, 63]
[3, 4, 5, 8, 10, 13, 16, 19]
[2, 5, 7, 10, 12, 13]
[74, 77, 79, 80, 83, 85]
[70, 68, 65, 64, 61, 60]
[61, 60, 59, 58, 57, 55]
[89, 90, 92, 94, 95, 97, 99]
[51, 49, 47, 45, 44, 42, 41]
[74, 72, 69, 68, 65, 63, 61]
[3, 4, 7, 9, 12, 15]
[42, 45, 47, 50, 52]
[90, 87, 84, 81, 80, 79]
[84, 82, 80, 77, 75, 73, 71]
[41, 42, 44, 45, 46, 49, 50, 52]
[93, 91, 88, 85, 83, 80, 77]
[47, 50, 53, 55, 57, 59]
[7, 9, 12, 15, 18, 20, 21, 22]
[72, 74, 77, 80, 83, 85, 87, 90]
[61, 62, 65, 67, 70, 71]
[50, 53, 54, 55, 58, 59, 61]
[17, 16, 14, 11, 8, 6, 3]
[62, 64, 65, 67, 68, 70, 72, 75]
[28, 31, 32, 34, 36, 37, 38, 39]
[70, 73, 74, 75, 76, 79, 81, 83]
[50, 51, 52, 53, 55, 56, 58]
[21, 19, 16, 13, 10, 8, 5, 3]
[76, 78, 80, 82, 84]
[71, 69, 66, 65, 62, 61, 60]
[55, 52, 49, 46, 44]
[43, 44, 47, 49, 50, 53, 56]
[63, 62, 59, 57, 56, 55]
[99, 97, 96, 93, 92, 89, 87, 84]
[22, 24, 27, 28, 30, 32, 33]
[33, 34, 36, 38, 39, 41]
[49, 52, 54, 55, 58, 61]
[87, 88, 89, 91, 92, 94]
[36, 38, 39, 42, 43, 45, 46, 47]
[43, 46, 47, 49, 50, 53, 54, 55]
[43, 42, 39, 37, 35]
[87, 85, 83, 82, 80, 78, 77]
[84, 85, 86, 88, 91, 94]
[27, 24, 22, 19, 17]
[74, 75, 77, 78, 81, 83]
[83, 80, 78, 75, 72, 70, 69]
[78, 80, 81, 83, 86, 89]
[75, 78, 81, 84, 87]
[26, 28, 29, 32, 34, 35, 38, 39]
[42, 39, 38, 37, 34]
[86, 83, 80, 77, 74, 71]
[90, 91, 92, 93, 94]
[96, 94, 92, 91, 89]
[81, 80, 79, 76, 75, 72]
[68, 71, 72, 74, 77, 79, 80, 82]
[67, 70, 71, 72, 73, 75, 76]
[69, 66, 64, 62, 60, 59, 57, 54]
[48, 50, 52, 54, 56, 58, 60, 62]
[58, 55, 52, 51, 48, 46, 43, 42]
[86, 89, 92, 95, 98]
[79, 78, 75, 72, 70, 69, 66, 64]
[32, 35, 38, 40, 43, 46]
[75, 76, 79, 80, 81, 83, 85]
[65, 66, 69, 71, 73, 74, 77]
[81, 78, 77, 76, 74, 71, 69]
[41, 38, 35, 32, 31, 29, 27]
[32, 30, 27, 24, 23, 20, 18, 15]
[52, 50, 49, 46, 43, 42]
[44, 43, 40, 37, 35, 33, 31, 29]
[36, 34, 31, 30, 28, 27]
[60, 57, 56, 55, 54, 51, 49, 46]
[66, 67, 68, 71, 73]
[22, 24, 27, 30, 33, 34]
[18, 20, 23, 26, 27]
[99, 98, 95, 94, 92, 91, 88, 85]
[49, 50, 53, 56, 59, 62, 63]
[83, 84, 87, 90, 93, 95, 96, 97]
[12, 15, 16, 18, 19, 20, 23, 25]
[3, 4, 6, 9, 11]
[28, 25, 24, 21, 18, 17, 14, 11]
[81, 79, 77, 74, 72]
[42, 39, 36, 34, 31, 30, 28, 26]
[59, 56, 53, 52, 50, 48, 46, 45]
[62, 64, 67, 69, 72, 74]
[35, 36, 39, 41, 43, 44, 47]
[40, 42, 43, 45, 48, 50, 52, 55]
[25, 22, 21, 18, 15, 14, 13]
[99, 96, 95, 93, 90, 87]
[92, 91, 88, 86, 84]
[20, 18, 16, 13, 12, 9, 7]
[60, 62, 63, 64, 67]
[78, 79, 82, 83, 85, 86, 88]
[38, 36, 33, 31, 30, 27]
[79, 82, 83, 86, 89, 92, 95]
[84, 81, 80, 78, 76, 74, 71, 70]
[44, 43, 40, 38, 35, 33, 31]
[68, 71, 74, 77, 80]
[17, 15, 13, 10, 7]
[18, 17, 15, 14, 12, 9, 6]
[12, 11, 10, 9, 6, 3, 1]
[92, 90, 89, 86, 85, 82]
[68, 67, 64, 62, 59, 57]
[74, 72, 71, 69, 67]
[84, 81, 80, 79, 76, 74, 72]
[68, 67, 65, 62, 61, 60, 58]
[25, 27, 28, 31, 32, 34, 36]
[45, 48, 49, 52, 53, 56, 58, 61]
[36, 34, 31, 29, 26, 23]
[43, 44, 47, 49, 52, 55, 57, 59]
[66, 67, 68, 71, 74, 77]
[21, 20, 18, 16, 14]
[56, 59, 61, 62, 65, 67]
[25, 26, 27, 30, 31, 34, 37]
[17, 18, 20, 21, 22, 24]
[70, 69, 68, 65, 64, 63, 61]
[60, 61, 63, 64, 67, 70, 71]
[77, 76, 75, 72, 70, 69]
[65, 62, 60, 58, 57]
[58, 56, 55, 53, 50]
[65, 66, 69, 72, 75, 76]
[46, 47, 49, 51, 52, 54, 55, 57]
[60, 62, 64, 65, 67]
[7, 8, 9, 12, 15]
[58, 55, 53, 52, 51, 48, 45, 44]
[25, 22, 19, 17, 16]
[92, 94, 95, 98, 99]
[53, 56, 59, 61, 62, 64]
[34, 37, 40, 43, 46, 48, 49, 50]
[31, 29, 28, 27, 25, 23, 21, 20]
[41, 42, 43, 46, 47]
[77, 78, 79, 80, 82, 84]
[54, 56, 58, 60, 62]
[15, 16, 18, 19, 22]
[16, 19, 21, 23, 25]
[14, 12, 11, 10, 7, 6, 5]
[26, 28, 29, 31, 34, 35]
[36, 33, 32, 30, 29, 26, 25, 24]
[12, 14, 17, 20, 22, 25, 28]
[37, 36, 35, 33, 30, 29]
[70, 67, 66, 65, 64, 62, 61, 58]
[71, 72, 75, 76, 79, 82, 83, 84]
[66, 64, 61, 58, 57]
[64, 66, 68, 69, 71, 72]
[33, 36, 37, 38, 40, 42, 44, 45]
[19, 18, 16, 13, 10]
[52, 53, 56, 58, 59, 62, 63, 64]
[19, 16, 13, 11, 9, 6]
[46, 49, 52, 53, 54, 57, 58]
[66, 67, 70, 71, 72, 74, 76, 79]
[72, 75, 77, 78, 80, 83]
[62, 61, 59, 57, 55]
[63, 64, 65, 68, 71]
[25, 28, 29, 32, 34, 36]
[59, 60, 61, 64, 66, 69]
[52, 50, 47, 45, 43, 42]
[34, 36, 39, 41, 43, 45, 47, 49]
[30, 28, 26, 24, 21]
[92, 90, 87, 84, 82, 81]
[74, 71, 68, 67, 64, 63, 62, 61]
[15, 14, 13, 11, 9, 7]
[89, 87, 85, 82, 80, 77]
[85, 86, 87, 90, 92, 93, 94, 95]
[52, 55, 58, 61, 64, 65, 68]
[84, 81, 79, 77, 74, 72]
[25, 23, 21, 18, 16, 14, 11, 8]
[47, 46, 43, 41, 40, 38]
[85, 84, 81, 78, 77, 75]
[1, 2, 4, 6, 7, 9, 10, 11]
[21, 20, 18, 17, 15, 12, 11]
[69, 71, 73, 75, 76, 77, 78, 80]
[70, 73, 76, 78, 79, 82, 84, 87]
[96, 94, 91, 88, 87, 85, 84]
[79, 80, 83, 85, 87, 89]
[72, 70, 68, 65, 62, 60, 59, 57]
[95, 94, 92, 90, 87, 85, 83, 80]
[80, 79, 76, 75, 73, 71, 69, 66]
[74, 71, 68, 65, 62, 59, 58]
[32, 29, 26, 23, 20, 17, 16, 15]
[87, 89, 91, 92, 95, 98, 99]
[45, 46, 49, 51, 54, 56, 57]
[24, 21, 18, 15, 12, 11, 8, 5]
[93, 91, 90, 89, 87, 84, 81, 79]
[58, 59, 62, 64, 66, 68]
[22, 23, 26, 27, 28, 29, 30]
[9, 12, 13, 15, 18]
[94, 91, 89, 87, 85, 84, 83]
[40, 42, 45, 46, 49, 52, 53, 56]
[40, 41, 43, 44, 45, 47, 50, 52]
[42, 40, 37, 34, 31, 29, 27, 26]
[28, 26, 23, 20, 17, 14]
[54, 51, 50, 47, 44, 42, 40]
[12, 10, 8, 7, 5]
[19, 16, 13, 12, 11, 8, 6, 3]
[82, 80, 77, 75, 73, 72]
[79, 82, 84, 86, 89, 90, 93]
[98, 97, 96, 93, 92, 90]
[25, 24, 22, 21, 18]
[67, 65, 62, 60, 58, 57, 55, 54]
[28, 25, 24, 21, 18]
[83, 82, 79, 77, 76]
[91, 89, 87, 84, 81, 79, 78]
[36, 35, 32, 29, 27, 24]
[60, 63, 64, 66, 69, 71, 73, 75]
[45, 44, 42, 40, 39]
[20, 21, 24, 25, 26, 27, 30]
[43, 44, 46, 48, 51, 54]
[92, 89, 86, 84, 82, 79]
[15, 12, 11, 10, 8, 7]
[39, 40, 43, 45, 48, 50, 53]
[13, 11, 9, 7, 4, 2]
[47, 46, 44, 41, 40]
[27, 24, 22, 21, 19, 17]
[49, 48, 47, 46, 45, 44, 41]
[50, 47, 46, 45, 44]
[53, 54, 56, 59, 61, 63, 65]
[85, 82, 79, 76, 75, 73, 70, 69]
[62, 63, 66, 69, 70, 72, 74, 77]
[47, 44, 43, 42, 39, 38, 36]
[17, 20, 21, 23, 25]
[76, 79, 80, 83, 86]
[42, 45, 47, 48, 51, 53, 54]
[46, 45, 42, 40, 39, 38, 37]
[24, 23, 22, 20, 18, 16, 13, 11]
[31, 29, 27, 26, 24, 21, 19]
[12, 14, 15, 16, 18, 21]
[57, 56, 55, 54, 51, 49, 47, 46]
[70, 69, 68, 67, 65, 64, 63, 61]
[51, 50, 47, 44, 42, 40, 39, 38]
[77, 75, 74, 73, 72, 70]
[65, 64, 62, 60, 58, 57, 56]
[48, 49, 51, 54, 56, 59]
[70, 71, 72, 75, 76, 77]
[60, 59, 56, 54, 53, 51]
[57, 56, 54, 53, 51, 50]
[47, 49, 52, 53, 55]
[49, 47, 46, 44, 42, 39, 37, 34]
[90, 88, 86, 85, 83, 82, 79]
[63, 64, 67, 69, 72, 75, 76, 78]
[98, 96, 95, 92, 90, 88, 85]
[62, 65, 68, 70, 71]
[81, 78, 76, 73, 72, 70, 69, 67]
[69, 67, 64, 62, 61, 58, 56]
[74, 72, 69, 67, 65]
[42, 43, 44, 45, 48, 49, 52, 54]
[52, 49, 48, 46, 44, 42, 39, 36]
[32, 31, 30, 28, 27, 25, 23]
[37, 36, 33, 32, 30]
[82, 79, 77, 75, 73, 71, 70]
[33, 35, 38, 41, 44]
[85, 83, 80, 77, 75, 74, 73]
[20, 17, 14, 13, 12, 10, 8, 7]
[2, 3, 6, 8, 11, 12]
[17, 15, 13, 10, 9]
[44, 47, 48, 51, 53, 55]
[15, 16, 18, 20, 21, 24, 27]
[31, 32, 35, 37, 39]
[58, 60, 62, 63, 64, 66, 67]
[80, 79, 78, 77, 76, 74]
[46, 49, 51, 52, 53, 55, 57, 59]
[57, 60, 61, 62, 64, 66, 67, 70]
[70, 67, 64, 61, 60]
[48, 45, 44, 43, 40]
[51, 49, 47, 44, 42, 40, 38]
[37, 36, 34, 31, 28]
[78, 80, 83, 85, 87, 88, 90, 93]
[28, 27, 25, 22, 20, 19, 16]
[21, 23, 25, 28, 29]
[14, 17, 18, 21, 22, 25]
[51, 53, 55, 56, 58]
[64, 67, 69, 72, 74, 77]
[4, 7, 8, 11, 12, 15]
[84, 83, 82, 79, 76, 73, 72, 70]
[87, 86, 85, 84, 82]
[74, 72, 69, 68, 65, 64, 61, 58]
[51, 48, 47, 44, 43, 42, 41, 38]
[54, 51, 50, 48, 47, 45, 44, 42]
[11, 12, 15, 16, 18, 20]
[79, 81, 84, 85, 86]
[29, 30, 32, 35, 37]
[67, 66, 65, 64, 62, 59, 57, 55]
[18, 19, 20, 22, 23, 26, 29, 32]
[80, 78, 76, 75, 74, 72, 71, 68]
[6, 7, 8, 11, 13, 16]
[53, 56, 57, 59, 61]
[6, 9, 11, 13, 15, 18]
[90, 87, 85, 83, 82, 80]
[77, 75, 73, 71, 70]
[43, 45, 48, 49, 50, 52, 53]
[74, 75, 76, 79, 81, 83]
[56, 58, 60, 62, 65, 66, 68]
[65, 67, 70, 73, 75, 77, 78]
[40, 38, 35, 34, 33, 30, 29, 26]
[67, 70, 73, 75, 78]
[42, 45, 48, 49, 50]
[55, 52, 51, 50, 49, 46, 45]
[20, 18, 15, 13, 10, 9, 8, 5]
[37, 40, 43, 46, 48]
[18, 16, 15, 13, 12, 9, 7]
[73, 70, 69, 68, 67, 65, 64]
[4, 5, 7, 8, 9, 12, 13]
[28, 30, 31, 32, 33]
[47, 48, 50, 52, 55]
[10, 12, 14, 16, 18]
[10, 9, 6, 5, 4, 1]
[54, 52, 49, 46, 43, 41, 38]
[20, 18, 17, 15, 13, 12]
[25, 26, 27, 30, 31, 34]
[70, 69, 68, 67, 65, 62, 61]
[39, 42, 44, 46, 47, 48, 51, 54]
[30, 31, 32, 34, 37]
[74, 71, 70, 68, 67, 65, 62, 61]
[71, 74, 75, 78, 81, 82]
[42, 45, 46, 48, 50, 52]
[45, 48, 50, 52, 55, 57, 60]
[76, 73, 72, 70, 67, 65]
[17, 15, 12, 11, 10]
[8, 10, 12, 13, 16, 17]
[33, 36, 39, 42, 43]
[35, 37, 39, 40, 42, 45, 46, 49]
[66, 63, 61, 59, 56]
[21, 20, 19, 17, 14, 12]
[77, 74, 71, 69, 68, 67]
[67, 69, 70, 71, 73]
[15, 18, 20, 22, 25, 26, 29, 32]
[40, 43, 46, 49, 52, 54, 56, 57]
[69, 68, 67, 66, 63, 60]
[80, 82, 85, 87, 89]
[51, 50, 49, 47, 45, 42, 41]
[95, 93, 92, 89, 88]
[10, 11, 14, 16, 19, 20, 21]
[89, 86, 83, 80, 77, 74, 72]
[47, 44, 42, 41, 40, 39, 37, 36]
[47, 49, 52, 55, 58]
[22, 23, 25, 28, 29]
[78, 80, 83, 84, 87, 89, 92]
[29, 28, 25, 24, 23, 21]
[13, 14, 17, 18, 20, 23]
[42, 45, 46, 48, 49, 50, 51, 54]
[62, 59, 57, 56, 54, 51, 50, 48]
[64, 66, 68, 70, 71, 73, 75, 77]
[29, 26, 25, 22, 21]
[29, 27, 25, 24, 23, 22, 21]
[4, 5, 7, 9, 10, 13]
[92, 89, 86, 85, 82, 81, 78]
[66, 63, 62, 60, 59, 57, 55, 52]
[56, 54, 52, 51, 49]
[84, 87, 90, 91, 93]
[21, 18, 16, 14, 13, 11, 10, 8]
[64, 62, 61, 60, 59, 57, 55, 53]
[84, 86, 88, 90, 92, 93, 95]
[69, 68, 67, 64, 61, 59, 56, 53]
[22, 23, 26, 29, 30]
[80, 77, 76, 74, 71]
[65, 67, 69, 70, 72, 75, 76, 79]
[55, 57, 60, 61, 62, 65, 68, 69]
[10, 9, 7, 6, 3]
[2, 4, 6, 7, 9, 12, 13, 15]
[2, 3, 4, 5, 8, 10, 12]
[86, 85, 84, 83, 82, 81]
[91, 89, 87, 86, 83, 80, 79, 78]
[19, 22, 24, 26, 28, 31, 32]
[50, 52, 54, 56, 57, 59]
[94, 93, 92, 90, 88, 86]
[40, 37, 35, 32, 31, 29, 28, 26]
[44, 47, 48, 50, 53, 56, 57, 59]
[2, 3, 4, 7, 10, 12, 15, 16]
[73, 70, 67, 64, 61, 60, 58]
[66, 64, 61, 60, 59]
[30, 33, 36, 39, 40, 42, 44, 45]
[58, 61, 62, 64, 66, 68, 70]
[42, 45, 48, 50, 52]
[85, 84, 83, 80, 79, 76, 73]
[49, 46, 45, 44, 41, 38]
[77, 78, 80, 82, 84, 87, 88, 91]
[16, 14, 11, 9, 8, 5]
[37, 35, 32, 31, 29, 28, 27]
[53, 54, 56, 59, 61, 63]
[99, 98, 97, 94, 92, 91, 89, 86]
[94, 92, 91, 88, 87, 86]
[73, 75, 76, 79, 80, 82, 85, 87]
[53, 51, 50, 49, 47, 44, 41, 39]
[83, 80, 77, 74, 71, 68, 66, 63]
[30, 33, 36, 37, 40]
[74, 73, 72, 71, 68, 67, 64]
[71, 69, 68, 67, 66, 64]
[73, 72, 69, 66, 65, 63, 60, 59]
[48, 47, 44, 41, 38, 35]
[42, 45, 48, 50, 52, 53, 56]
[13, 11, 9, 7, 5, 3, 1]
[51, 50, 47, 45, 43]
[11, 13, 16, 18, 19, 22]
[13, 12, 9, 8, 7, 5]
[57, 56, 55, 52, 50, 48, 47, 44]
[75, 78, 81, 82, 84, 85, 87]
[49, 51, 54, 56, 57, 60, 62, 64]
[23, 21, 18, 16, 15]
[72, 70, 68, 65, 62]
[37, 35, 34, 32, 29, 27, 25, 23]
[78, 80, 83, 85, 87, 88]
[23, 24, 27, 30, 31, 32]
[13, 16, 18, 20, 22, 24]
[63, 61, 60, 58, 56, 55, 52]
[54, 51, 49, 48, 47, 44, 41, 40]
[10, 13, 15, 18, 20, 23, 26]
[74, 72, 69, 66, 64, 62]
[61, 60, 58, 56, 53, 50, 49]
[35, 34, 31, 29, 26, 25]
[18, 16, 13, 10, 7, 5, 2]
[65, 68, 71, 74, 76, 79]
[63, 64, 67, 70, 71, 72]
[58, 60, 61, 63, 65, 66, 69, 71]
[58, 59, 62, 65, 68]
[83, 84, 87, 90, 92, 93, 94]
[73, 71, 68, 65, 63, 60, 57, 55]
[82, 85, 87, 89, 92, 95, 96]
[40, 43, 44, 46, 49, 50]
[75, 78, 79, 82, 84, 86, 87]
[24, 26, 27, 29, 32, 33, 34, 35]
[80, 79, 78, 75, 72, 69, 67, 66]
[7, 10, 12, 14, 17, 18, 21]
[72, 69, 67, 65, 63, 61, 60]
[76, 75, 73, 72, 69, 68, 67]
[62, 59, 56, 54, 53, 50, 47, 45]
[12, 14, 17, 19, 21]
[51, 50, 49, 47, 45]
[50, 49, 47, 45, 43]
[66, 67, 70, 71, 74, 75]
[73, 74, 75, 76, 77, 79, 82, 85]
[33, 34, 36, 37, 38, 40]
[21, 22, 23, 26, 28]
[36, 34, 32, 30, 27, 24, 22]
[81, 83, 85, 86, 89, 90, 92, 93]
[50, 51, 54, 57, 60, 61, 64, 66]
[12, 10, 8, 6, 3]
[79, 76, 75, 73, 72]
[84, 86, 89, 92, 93]
[66, 68, 70, 73, 74, 77, 78, 81]
[47, 49, 52, 54, 57, 58]
[52, 55, 57, 60, 62]
[77, 74, 72, 70, 67, 64, 61]
[67, 68, 69, 71, 73, 75, 77]
[96, 95, 94, 91, 89, 87, 85, 82]
[33, 30, 29, 27, 24, 23, 20, 18]
[57, 55, 52, 50, 47]
[41, 44, 45, 47, 50, 51, 53]
[15, 18, 21, 24, 26, 28]
[23, 22, 20, 17, 16, 13, 10, 7]
[75, 73, 72, 70, 67, 66, 65, 64]
[47, 48, 49, 50, 53, 55]
[88, 91, 92, 94, 97, 98]
[43, 46, 47, 50, 52, 54, 56, 58]
[44, 45, 48, 51, 52, 54]
part 1: 502
part 2: 527
